geo_vtk/data/arcgis/d50_1m.asc
ncols         550
nrows         475
xllcorner     507468.2812
yllcorner     5715649.8944
cellsize      5
NODATA_value  -9999
[rows 180 to 209 of 475, columns 345 to 413 of 550]
292.6772 292.5349 292.3928 292.2514 292.1112 291.9725 291.8359 291.7019 291.5709 291.4434 291.3199 291.2009 291.0869 290.9783 290.8755 290.7789 290.6889 290.6058 290.5298 290.4612 290.4002 290.3469 290.3013 290.2634 290.2332 290.2106 290.1954 290.1874 290.1863 290.1919 290.2036 290.2213 290.2444 290.2725 290.3052 290.3419 290.3822 290.4255 290.4715 290.5196 290.5692 290.6201 290.6716 290.7234 290.7751 290.8262 290.8765 290.9256 290.9731 291.0188 291.0624 291.1038 291.1426 291.1787 291.212 291.2423 291.2695 291.2935 291.3143 291.3318 291.3459 291.3567 291.3642 291.3683 291.3692 291.3668 291.3612 291.3525 291.3408
292.8415 292.7029 292.5643 292.4265 292.2896 292.1541 292.0207 291.8896 291.7614 291.6364 291.5154 291.3986 291.2865 291.1796 291.0783 290.9829 290.8938 290.8113 290.7357 290.6672 290.6059 290.552 290.5056 290.4666 290.4349 290.4106 290.3934 290.3831 290.3795 290.3822 290.391 290.4054 290.4251 290.4496 290.4785 290.5113 290.5475 290.5867 290.6284 290.672 290.7173 290.7636 290.8106 290.8578 290.9049 290.9514 290.9971 291.0416 291.0845 291.1256 291.1647 291.2016 291.236 291.2677 291.2966 291.3226 291.3456 291.3654 291.382 291.3954 291.4055 291.4124 291.416 291.4163 291.4134 291.4073 291.3981 291.3858 291.3706
293.0125 292.8775 292.7426 292.6082 292.4748 292.3427 292.2123 292.0843 291.9588 291.8366 291.7179 291.6033 291.4932 291.388 291.2881 291.1939 291.1057 291.0239 290.9486 290.8801 290.8185 290.764 290.7166 290.6764 290.6432 290.6171 290.5978 290.5851 290.5789 290.5787 290.5844 290.5954 290.6116 290.6323 290.6573 290.686 290.718 290.7528 290.79 290.8292 290.8698 290.9114 290.9537 290.9962 291.0385 291.0802 291.1211 291.1608 291.199 291.2354 291.2698 291.302 291.3317 291.3589 291.3833 291.4048 291.4234 291.4389 291.4512 291.4604 291.4664 291.4692 291.4688 291.4651 291.4583 291.4485 291.4355 291.4196 291.4007
293.1899 293.0587 292.9276 292.7968 292.6668 292.538 292.4109 292.2858 292.1632 292.0436 291.9274 291.815 291.7068 291.6034 291.5049 291.4119 291.3246 291.2433 291.1682 291.0997 291.0378 290.9826 290.9342 290.8927 290.858 290.8299 290.8084 290.7932 290.7842 290.7811 290.7835 290.7911 290.8035 290.8204 290.8412 290.8657 290.8933 290.9237 290.9563 290.9907 291.0266 291.0634 291.1007 291.1383 291.1757 291.2124 291.2484 291.2831 291.3164 291.3479 291.3774 291.4048 291.4298 291.4522 291.472 291.4889 291.5029 291.5139 291.5219 291.5267 291.5284 291.527 291.5225 291.5148 291.504 291.4902 291.4734 291.4537 291.4312
293.3739 293.2465 293.119 292.9919 292.8654 292.74 292.616 292.494 292.3743 292.2573 292.1436 292.0334 291.9272 291.8254 291.7284 291.6365 291.55 291.4693 291.3945 291.3258 291.2635 291.2076 291.1582 291.1153 291.0788 291.0488 291.025 291.0072 290.9954 290.9891 290.9881 290.9921 291.0007 291.0135 291.0302 291.0503 291.0734 291.0991 291.1269 291.1565 291.1873 291.2191 291.2515 291.2839 291.3162 291.3479 291.3787 291.4083 291.4365 291.463 291.4875 291.5099 291.5299 291.5475 291.5624 291.5746 291.584 291.5904 291.5938 291.5942 291.5915 291.5858 291.577 291.5651 291.5503 291.5324 291.5117 291.4882 291.4618
293.5643 293.4407 293.317 293.1935 293.0706 292.9485 292.8278 292.7089 292.592 292.4777 292.3664 292.2584 292.1541 292.054 291.9584 291.8676 291.782 291.7017 291.627 291.5583 291.4955 291.4387 291.3882 291.3438 291.3056 291.2734 291.2472 291.2268 291.2119 291.2024 291.1979 291.1982 291.2028 291.2115 291.2238 291.2393 291.2578 291.2787 291.3016 291.3261 291.3519 291.3786 291.4057 291.4329 291.4599 291.4863 291.5118 291.5362 291.5591 291.5804 291.5998 291.6171 291.632 291.6446 291.6546 291.6619 291.6665 291.6682 291.6669 291.6627 291.6555 291.6454 291.6322 291.6161 291.5971 291.5751 291.5504 291.5229 291.4926
293.761 293.6413 293.5215 293.4016 293.2822 293.1636 293.0461 292.9302 292.8162 292.7046 292.5957 292.4899 292.3875 292.2891 292.1948 292.1051 292.0202 291.9403 291.8658 291.7968 291.7334 291.6758 291.6241 291.5781 291.538 291.5037 291.475 291.4517 291.4338 291.4209 291.4128 291.4091 291.4097 291.414 291.4218 291.4328 291.4464 291.4623 291.4802 291.4995 291.5201 291.5414 291.5632 291.585 291.6066 291.6275 291.6477 291.6666 291.6842 291.7001 291.7142 291.7262 291.736 291.7434 291.7484 291.7507 291.7503 291.7471 291.7411 291.7322 291.7204 291.7057 291.6881 291.6677 291.6443 291.6182 291.5893 291.5578 291.5236
293.964 293.8483 293.7322 293.6161 293.5002 293.385 293.2708 293.158 293.0469 292.9379 292.8314 292.7277 292.6273 292.5304 292.4375 292.3488 292.2646 292.1851 292.1106 292.0413 291.9773 291.9187 291.8656 291.8181 291.776 291.7393 291.708 291.6818 291.6606 291.6443 291.6324 291.6248 291.6211 291.621 291.6242 291.6303 291.6389 291.6497 291.6624 291.6765 291.6917 291.7075 291.7238 291.74 291.756 291.7715 291.786 291.7994 291.8115 291.8219 291.8305 291.8372 291.8416 291.8438 291.8435 291.8407 291.8353 291.8271 291.8163 291.8026 291.786 291.7667 291.7446 291.7197 291.692 291.6616 291.6285 291.5928 291.5547
294.1732 294.0614 293.9492 293.8369 293.7246 293.6129 293.5019 293.3921 293.2838 293.1775 293.0733 292.9718 292.8732 292.778 292.6863 292.5985 292.5149 292.4357 292.3612 292.2915 292.2268 292.1672 292.1127 292.0633 292.0192 291.9801 291.946 291.9168 291.8923 291.8723 291.8565 291.8448 291.8367 291.8321 291.8305 291.8317 291.8352 291.8408 291.8481 291.8568 291.8664 291.8766 291.8872 291.8978 291.9081 291.9178 291.9267 291.9344 291.9408 291.9456 291.9487 291.9498 291.9489 291.9456 291.94 291.932 291.9214 291.9082 291.8923 291.8737 291.8524 291.8283 291.8015 291.7721 291.7399 291.7052 291.6678 291.628 291.5857
294.3885 294.2809 294.1725 294.0639 293.9553 293.8469 293.7392 293.6325 293.5271 293.4233 293.3215 293.2221 293.1253 293.0315 292.9411 292.8542 292.7711 292.6922 292.6176 292.5474 292.4819 292.4211 292.3651 292.3138 292.2675 292.2259 292.189 292.1566 292.1286 292.1049 292.0851 292.0691 292.0565 292.0472 292.0407 292.0368 292.0351 292.0353 292.0371 292.0402 292.0441 292.0486 292.0535 292.0582 292.0627 292.0666 292.0696 292.0715 292.0721 292.0712 292.0686 292.0641 292.0575 292.0488 292.0378 292.0244 292.0085 291.9901 291.9691 291.9455 291.9193 291.8904 291.8589 291.8248 291.7881 291.749 291.7073 291.6632 291.6168
294.6101 294.5064 294.402 294.2971 294.1921 294.0872 293.9828 293.8791 293.7765 293.6753 293.5758 293.4784 293.3834 293.2911 293.2018 293.1157 293.0331 292.9543 292.8795 292.8088 292.7423 292.6802 292.6226 292.5694 292.5208 292.4765 292.4366 292.4009 292.3694 292.3418 292.3178 292.2974 292.2803 292.2661 292.2545 292.2454 292.2383 292.2331 292.2292 292.2266 292.2247 292.2234 292.2222 292.2211 292.2196 292.2175 292.2145 292.2105 292.2052 292.1984 292.19 292.1797 292.1675 292.1531 292.1366 292.1177 292.0965 292.0728 292.0466 292.0179 291.9867 291.953 291.9167 291.8779 291.8366 291.7929 291.7468 291.6984 291.6478
294.8377 294.7381 294.6376 294.5365 294.4352 294.3337 294.2325 294.1318 294.032 293.9333 293.8362 293.7408 293.6475 293.5565 293.4683 293.383 293.3008 293.2221 293.1469 293.0755 293.0081 292.9446 292.8852 292.83 292.7788 292.7318 292.6888 292.6497 292.6145 292.5828 292.5546 292.5297 292.5078 292.4886 292.4719 292.4574 292.4448 292.4339 292.4243 292.4158 292.408 292.4006 292.3935 292.3862 292.3786 292.3704 292.3614 292.3513 292.34 292.3272 292.3128 292.2967 292.2787 292.2586 292.2364 292.212 292.1853 292.1562 292.1248 292.0909 292.0546 292.0159 291.9747 291.9311 291.8852 291.8369 291.7863 291.7336 291.6787
295.0714 294.9759 294.8793 294.7821 294.6843 294.5863 294.4883 294.3907 294.2936 294.1975 294.1025 294.0091 293.9174 293.8278 293.7406 293.6559 293.5741 293.4953 293.4197 293.3476 293.279 293.214 293.1528 293.0953 293.0416 292.9917 292.9455 292.9028 292.8637 292.8279 292.7953 292.7657 292.7389 292.7146 292.6926 292.6726 292.6544 292.6377 292.6222 292.6077 292.5938 292.5803 292.567 292.5535 292.5397 292.5253 292.51 292.4938 292.4763 292.4575 292.437 292.4149 292.391 292.3651 292.3372 292.3071 292.2748 292.2403 292.2035 292.1644 292.1229 292.0791 292.033 291.9846 291.9339 291.881 291.8259 291.7687 291.7095
295.3111 295.2197 295.1272 295.0337 294.9396 294.845 294.7502 294.6556 294.5613 294.4676 294.3748 294.2833 294.1932 294.1049 294.0185 293.9344 293.8528 293.7739 293.6978 293.6248 293.555 293.4884 293.4252 293.3654 293.309 293.256 293.2064 293.1601 293.117 293.0769 293.0398 293.0054 292.9735 292.9439 292.9165 292.8909 292.8669 292.8443 292.8228 292.8021 292.782 292.7623 292.7426 292.7228 292.7027 292.6819 292.6604 292.6378 292.6141 292.589 292.5624 292.5343 292.5043 292.4725 292.4387 292.4029 292.365 292.3249 292.2827 292.2382 292.1915 292.1426 292.0914 292.0381 291.9826 291.925 291.8654 291.8037 291.7402
295.5568 295.4696 295.381 295.2914 295.2009 295.1098 295.0182 294.9265 294.8349 294.7437 294.6531 294.5634 294.4748 294.3876 294.3022 294.2185 294.1371 294.0579 293.9812 293.9072 293.836 293.7677 293.7023 293.64 293.5808 293.5247 293.4716 293.4215 293.3742 293.3297 293.2879 293.2485 293.2115 293.1765 293.1435 293.1121 293.0822 293.0536 293.0259 292.999 292.9725 292.9464 292.9203 292.8941 292.8675 292.8402 292.8123 292.7833 292.7532 292.7218 292.689 292.6546 292.6186 292.5807 292.541 292.4994 292.4557 292.4101 292.3623 292.3124 292.2604 292.2063 292.1501 292.0918 292.0314 291.9691 291.9048 291.8387 291.7708
295.8085 295.7254 295.6409 295.5551 295.4683 295.3806 295.2922 295.2035 295.1146 295.0257 294.9372 294.8493 294.7621 294.6761 294.5914 294.5081 294.4267 294.3471 294.2697 294.1946 294.1219 294.0517 293.9842 293.9193 293.8571 293.7977 293.7409 293.6868 293.6353 293.5862 293.5396 293.4951 293.4528 293.4123 293.3735 293.3362 293.3003 293.2654 293.2315 293.1982 293.1653 293.1326 293.1 293.0672 293.034 293.0002 292.9656 292.9301 292.8936 292.8558 292.8166 292.776 292.7337 292.6898 292.6441 292.5965 292.5471 292.4956 292.4423 292.3869 292.3295 292.2701 292.2088 292.1455 292.0803 292.0132 291.9442 291.8735 291.8011
296.0661 295.9873 295.9068 295.8249 295.7417 295.6574 295.5723 295.4865 295.4002 295.3137 295.2272 295.141 295.0552 294.9702 294.8861 294.8032 294.7217 294.6417 294.5634 294.4871 294.4128 294.3406 294.2707 294.203 294.1378 294.0748 294.0143 293.9561 293.9001 293.8464 293.7947 293.745 293.6972 293.651 293.6064 293.5631 293.521 293.4798 293.4394 293.3996 293.3601 293.3208 293.2815 293.242 293.2021 293.1616 293.1204 293.0783 293.0352 292.9908 292.9452 292.8982 292.8496 292.7995 292.7477 292.6942 292.6388 292.5816 292.5226 292.4616 292.3988 292.3342 292.2676 292.1992 292.1291 292.0571 291.9835 291.9082 291.8314
296.3297 296.2551 296.1787 296.1006 296.0211 295.9403 295.8583 295.7754 295.6917 295.6075 295.523 295.4384 295.354 295.27 295.1865 295.1037 295.022 294.9414 294.8622 294.7845 294.7084 294.6341 294.5617 294.4912 294.4226 294.3561 294.2917 294.2292 294.1687 294.11 294.0533 293.9982 293.9447 293.8928 293.8421 293.7926 293.7442 293.6965 293.6496 293.6031 293.5569 293.5109 293.4648 293.4184 293.3717 293.3244 293.2765 293.2276 293.1778 293.1269 293.0747 293.0212 292.9663 292.9099 292.8519 292.7923 292.731 292.6679 292.6031 292.5366 292.4683 292.3983 292.3265 292.253 292.1778 292.101 292.0226 291.9427 291.8614
296.5991 296.5288 296.4565 296.3824 296.3065 296.2291 296.1503 296.0702 295.9891 295.9072 295.8247 295.7417 295.6585 295.5753 295.4923 295.4097 295.3276 295.2464 295.1661 295.0869 295.0089 294.9324 294.8573 294.7837 294.7118 294.6415 294.5729 294.506 294.4408 294.3772 294.3151 294.2545 294.1953 294.1374 294.0806 294.0247 293.9698 293.9156 293.8619 293.8087 293.7557 293.7027 293.6497 293.5964 293.5428 293.4886 293.4337 293.3781 293.3215 293.2638 293.205 293.145 293.0836 293.0208 292.9566 292.8908 292.8235 292.7545 292.684 292.6118 292.5379 292.4625 292.3854 292.3067 292.2265 292.1448 292.0617 291.9772 291.8913
296.8743 296.8084 296.7402 296.67 296.5979 296.5239 296.4482 296.371 296.2925 296.2128 296.1321 296.0507 295.9687 295.8862 295.8036 295.721 295.6385 295.5565 295.475 295.3942 295.3142 295.2352 295.1573 295.0806 295.0051 294.931 294.8582 294.7867 294.7166 294.6478 294.5803 294.514 294.4489 294.3848 294.3217 294.2594 294.1979 294.1369 294.0764 294.0163 293.9563 293.8963 293.8363 293.7759 293.7153 293.6541 293.5922 293.5296 293.4661 293.4017 293.3362 293.2695 293.2015 293.1323 293.0617 292.9897 292.9163 292.8414 292.765 292.687 292.6076 292.5267 292.4443 292.3604 292.2752 292.1885 292.1006 292.0114 291.9211
297.1554 297.0938 297.0299 296.9636 296.8951 296.8246 296.7521 296.6777 296.6017 296.5242 296.4454 296.3654 296.2845 296.2027 296.1204 296.0377 295.9548 295.8718 295.7889 295.7064 295.6243 295.5427 295.4619 295.3818 295.3026 295.2244 295.1472 295.071 294.9958 294.9217 294.8486 294.7765 294.7053 294.635 294.5654 294.4966 294.4283 294.3604 294.293 294.2258 294.1587 294.0916 294.0244 293.9569 293.889 293.8207 293.7518 293.6821 293.6117 293.5403 293.468 293.3946 293.32 293.2443 293.1673 293.089 293.0094 292.9284 292.8461 292.7624 292.6773 292.5909 292.5032 292.4141 292.3237 292.2322 292.1394 292.0456 291.9507
297.4422 297.3851 297.3253 297.2631 297.1983 297.1312 297.0618 296.9903 296.9168 296.8414 296.7644 296.6858 296.6059 296.5248 296.4427 296.3597 296.2762 296.1922 296.1079 296.0234 295.939 295.8548 295.7708 295.6873 295.6042 295.5218 295.44 295.3589 295.2786 295.199 295.1201 295.0421 294.9646 294.8879 294.8117 294.7361 294.6609 294.5861 294.5115 294.4371 294.3628 294.2885 294.2139 294.1392 294.0641 293.9885 293.9124 293.8356 293.7581 293.6797 293.6005 293.5202 293.439 293.3567 293.2732 293.1886 293.1028 293.0157 292.9274 292.8379 292.7471 292.6552 292.562 292.4677 292.3722 292.2757 292.1781 292.0796 291.9802
297.7347 297.6821 297.6266 297.5683 297.5073 297.4437 297.3774 297.3087 297.2377 297.1645 297.0891 297.0119 296.9329 296.8524 296.7704 296.6872 296.6029 296.5177 296.4318 296.3453 296.2585 296.1714 296.0842 295.997 295.91 295.8232 295.7366 295.6505 295.5648 295.4796 295.3948 295.3105 295.2267 295.1434 295.0605 294.978 294.8958 294.8138 294.732 294.6503 294.5686 294.4868 294.4049 294.3228 294.2403 294.1573 294.0739 293.9899 293.9052 293.8198 293.7336 293.6465 293.5584 293.4694 293.3794 293.2884 293.1963 293.1031 293.0088 292.9134 292.817 292.7194 292.6208 292.5212 292.4206 292.3191 292.2167 292.1135 292.0095
298.0329 297.9848 297.9336 297.8794 297.8221 297.7619 297.6989 297.633 297.5644 297.4932 297.4196 297.3437 297.2656 297.1855 297.1035 297.0199 296.9347 296.8483 296.7607 296.6721 296.5826 296.4926 296.402 296.311 296.2198 296.1284 296.037 295.9456 295.8544 295.7634 295.6725 295.582 295.4916 295.4016 295.3117 295.2222 295.1328 295.0435 294.9543 294.8652 294.776 294.6867 294.5973 294.5076 294.4176 294.3272 294.2364 294.1451 294.0531 293.9605 293.8672 293.7732 293.6783 293.5826 293.4859 293.3884 293.29 293.1906 293.0902 292.989 292.8867 292.7836 292.6796 292.5746 292.4689 292.3624 292.2552 292.1472 292.0388
298.3366 298.2932 298.2463 298.1962 298.1427 298.086 298.0261 297.963 297.8968 297.8277 297.7557 297.681 297.6037 297.524 297.442 297.3578 297.2718 297.1839 297.0945 297.0036 296.9114 296.8182 296.7241 296.6292 296.5336 296.4375 296.3411 296.2443 296.1474 296.0504 295.9533 295.8563 295.7592 295.6623 295.5654 295.4686 295.3719 295.2751 295.1784 295.0817 294.9849 294.888 294.791 294.6936 294.596 294.4981 294.3998 294.301 294.2017 294.1018 294.0014 293.9003 293.7985 293.696 293.5927 293.4886 293.3838 293.2782 293.1718 293.0645 292.9565 292.8477 292.7382 292.628 292.5171 292.4056 292.2935 292.1809 292.0679
298.6458 298.607 298.5646 298.5186 298.4689 298.4157 298.3589 298.2986 298.2349 298.1678 298.0974 298.0239 297.9474 297.868 297.7858 297.7011 297.6139 297.5246 297.4331 297.3398 297.2448 297.1483 297.0505 296.9514 296.8514 296.7504 296.6488 296.5465 296.4437 296.3405 296.2371 296.1334 296.0295 295.9255 295.8214 295.7172 295.613 295.5087 295.4044 295.2999 295.1954 295.0907 294.9858 294.8808 294.7755 294.6699 294.564 294.4576 294.3509 294.2437 294.136 294.0278 293.919 293.8096 293.6996 293.589 293.4777 293.3658 293.2532 293.14 293.0262 292.9118 292.7968 292.6812 292.5652 292.4487 292.3318 292.2145 292.0969
298.9604 298.9263 298.8883 298.8465 298.8007 298.751 298.6974 298.64 298.5786 298.5135 298.4447 298.3723 298.2965 298.2173 298.1349 298.0495 297.9612 297.8701 297.7766 297.6808 297.5828 297.4828 297.3811 297.2778 297.1731 297.0671 296.9601 296.8521 296.7433 296.6338 296.5238 296.4132 296.3023 296.1911 296.0797 295.968 295.8561 295.7441 295.632 295.5197 295.4072 295.2947 295.1819 295.069 294.9559 294.8425 294.7289 294.6149 294.5007 294.386 294.2711 294.1556 294.0398 293.9235 293.8067 293.6894 293.5717 293.4534 293.3347 293.2155 293.0959 292.9758 292.8553 292.7344 292.6132 292.4916 292.3699 292.248 292.1259
299.2802 299.2509 299.2174 299.1798 299.138 299.0918 299.0414 298.9868 298.9278 298.8647 298.7975 298.7262 298.6509 298.5719 298.4892 298.403 298.3134 298.2206 298.1249 298.0263 297.9252 297.8217 297.7159 297.6082 297.4987 297.3875 297.2749 297.161 297.0461 296.9301 296.8133 296.6958 296.5777 296.4591 296.3401 296.2208 296.1011 295.9813 295.8612 295.7409 295.6205 295.4998 295.3791 295.2582 295.1371 295.0159 294.8945 294.7728 294.6509 294.5288 294.4064 294.2838 294.1608 294.0375 293.9138 293.7899 293.6656 293.541 293.4161 293.2909 293.1654 293.0396 292.9136 292.7874 292.661 292.5345 292.4079 292.2813 292.1548
299.605 299.5806 299.5518 299.5185 299.4806 299.438 299.3908 299.339 299.2824 299.2213 299.1555 299.0853 299.0106 298.9317 298.8486 298.7614 298.6705 298.5759 298.4778 298.3765 298.272 298.1648 298.0549 297.9426 297.8281 297.7115 297.5932 297.4733 297.3519 297.2293 297.1057 296.981 296.8556 296.7295 296.6028 296.4756 296.348 296.2201 296.0919 295.9635 295.835 295.7062 295.5773 295.4483 295.3192 295.19 295.0607 294.9312 294.8016 294.6719 294.5421 294.412 294.2819 294.1516 294.0211 293.8904 293.7596 293.6286 293.4974 293.3662 293.2348 293.1033 292.9718 292.8402 292.7086 292.5772 292.4458 292.3146 292.1836
299.9348 299.9154 299.8912 299.8622 299.8283 299.7894 299.7455 299.6964 299.6423 299.583 299.5188 299.4496 299.3754 299.2965 299.2129 299.1248 299.0324 298.9359 298.8353 298.731 298.6232 298.5121 298.3979 298.2808 298.1611 298.0391 297.9149 297.7887 297.6609 297.5314 297.4007 297.2687 297.1358 297.002 296.8674 296.7323 296.5966 296.4605 296.3242 296.1875 296.0506 295.9136 295.7765 295.6393 295.502 295.3647 295.2274 295.0901 294.9527 294.8153 294.6779 294.5405 294.4031 294.2657 294.1283 293.9908 293.8534 293.716 293.5786 293.4413 293.304 293.1668 293.0298 292.8929 292.7562 292.6197 292.4836 292.3477 292.2124
