geo_vtk/data/arcgis/d50_1m.asc
ncols         550
nrows         475
xllcorner     507468.2812
yllcorner     5715649.8944
cellsize      5
NODATA_value  -9999
[rows 210 to 239 of 475, columns 0 to 68 of 550]
-9999 -9999 -9999 -9999 -9999 -9999 -9999 -9999 -9999 -9999 -9999 -9999 -9999 -9999 -9999 -9999 -9999 -9999 -9999 -9999 336.0232 336.236 336.4504 336.6667 336.8847 337.1045 337.326 337.5492 337.7741 338.0007 338.229 338.4589 338.6904 338.9235 339.1581 339.3943 339.6318 339.8708 340.111 340.3525 340.5952 340.8389 341.0837 341.3293 341.5757 341.8227 342.0703 342.3181 342.5662 342.8143 343.0622 343.3097 343.5565 343.8025 344.0473 344.2907 344.5324 344.772 345.0092 345.2436 345.4749 345.7025 345.926 346.145 346.3589 346.5673 346.7696 346.9651 347.1534
-9999 -9999 -9999 -9999 -9999 -9999 -9999 -9999 -9999 -9999 -9999 -9999 -9999 -9999 -9999 -9999 -9999 -9999 -9999 335.8109 336.0224 336.2357 336.4508 336.6677 336.8864 337.1068 337.329 337.553 337.7788 338.0062 338.2354 338.4662 338.6987 338.9329 339.1685 339.4058 339.6445 339.8846 340.1261 340.3689 340.6129 340.858 341.1042 341.3513 341.5993 341.8479 342.0971 342.3466 342.5965 342.8463 343.096 343.3454 343.5942 343.8422 344.0891 344.3346 344.5784 344.8202 345.0595 345.2962 345.5297 345.7596 345.9854 346.2067 346.423 346.6337 346.8383 347.0362 347.2267
-9999 -9999 -9999 -9999 -9999 -9999 -9999 -9999 -9999 -9999 -9999 -9999 -9999 -9999 -9999 -9999 -9999 -9999 -9999 335.8063 336.0183 336.2321 336.4478 336.6652 336.8845 337.1056 337.3284 337.5531 337.7796 338.0078 338.2377 338.4694 338.7028 338.9378 339.1744 339.4126 339.6523 339.8935 340.1361 340.38 340.6252 340.8716 341.119 341.3675 341.6168 341.8668 342.1174 342.3685 342.6199 342.8713 343.1227 343.3737 343.6242 343.874 344.1226 344.3699 344.6156 344.8593 345.1006 345.3392 345.5746 345.8065 346.0343 346.2577 346.476 346.6887 346.8953 347.0952 347.2878
-9999 -9999 -9999 -9999 -9999 -9999 -9999 -9999 -9999 -9999 -9999 -9999 -9999 -9999 -9999 -9999 -9999 -9999 335.588 335.7986 336.011 336.2252 336.4413 336.6592 336.879 337.1006 337.3241 337.5493 337.7764 338.0053 338.2359 338.4683 338.7024 338.9382 339.1756 339.4146 339.6552 339.8973 340.1409 340.3858 340.632 340.8795 341.128 341.3776 341.6281 341.8793 342.1312 342.3835 342.6362 342.8891 343.1418 343.3943 343.6463 343.8975 344.1477 344.3966 344.6438 344.8891 345.132 345.3723 345.6094 345.843 346.0725 346.2975 346.5175 346.7319 346.9402 347.1418 347.336
-9999 -9999 -9999 -9999 -9999 -9999 -9999 -9999 -9999 -9999 -9999 -9999 -9999 -9999 -9999 -9999 -9999 335.3678 335.5768 335.7876 336.0004 336.2149 336.4314 336.6497 336.8699 337.092 337.3159 337.5416 337.7692 337.9986 338.2298 338.4628 338.6975 338.9339 339.172 339.4118 339.6531 339.896 340.1404 340.3861 340.6332 340.8815 341.131 341.3815 341.633 341.8852 342.1382 342.3916 342.6454 342.8994 343.1533 343.407 343.6602 343.9126 344.1641 344.4142 344.6628 344.9094 345.1537 345.3953 345.6337 345.8687 346.0995 346.3259 346.5473 346.7631 346.9727 347.1756 347.3711
-9999 -9999 -9999 -9999 -9999 -9999 -9999 -9999 -9999 -9999 -9999 -9999 -9999 -9999 -9999 -9999 335.1458 335.3531 335.5623 335.7734 335.9864 336.2013 336.418 336.6366 336.8571 337.0795 337.3038 337.5299 337.7579 337.9877 338.2194 338.4528 338.688 338.925 339.1636 339.404 339.6459 339.8894 340.1344 340.3808 340.6285 340.8776 341.1278 341.3791 341.6314 341.8845 342.1382 342.3925 342.6472 342.9021 343.1569 343.4115 343.6657 343.9191 344.1716 344.4228 344.6723 344.92 345.1653 345.4079 345.6474 345.8833 346.1153 346.3427 346.5651 346.7819 346.9925 347.1964 347.3929
-9999 -9999 -9999 -9999 -9999 -9999 -9999 -9999 -9999 -9999 -9999 -9999 -9999 -9999 -9999 -9999 335.1278 335.3353 335.5447 335.7559 335.9691 336.1841 336.401 336.6198 336.8406 337.0632 337.2878 337.5142 337.7424 337.9726 338.2045 338.4383 338.6739 338.9113 339.1503 339.3911 339.6334 339.8774 340.1228 340.3698 340.6181 340.8676 341.1184 341.3703 341.6231 341.8768 342.1312 342.3862 342.6415 342.897 343.1526 343.4079 343.6627 343.9169 344.17 344.4219 344.6722 344.9206 345.1666 345.41 345.6502 345.8869 346.1195 346.3476 346.5707 346.7881 346.9995 347.204 347.4011
-9999 -9999 -9999 -9999 -9999 -9999 -9999 -9999 -9999 -9999 -9999 -9999 -9999 -9999 -9999 334.9012 335.1068 335.3143 335.5237 335.735 335.9483 336.1634 336.3804 336.5994 336.8203 337.043 337.2677 337.4943 337.7227 337.9531 338.1852 338.4193 338.6551 338.8927 339.132 339.373 339.6157 339.8599 340.1057 340.353 340.6016 340.8516 341.1027 341.3549 341.6082 341.8623 342.1171 342.3724 342.6282 342.8842 343.1401 343.3958 343.6512 343.9057 344.1594 344.4117 344.6624 344.9112 345.1576 345.4014 345.642 345.8791 346.1121 346.3405 346.564 346.7818 346.9934 347.1982 347.3956
-9999 -9999 -9999 -9999 -9999 -9999 -9999 -9999 -9999 -9999 -9999 -9999 -9999 -9999 334.6733 334.877 335.0826 335.2901 335.4995 335.7108 335.924 336.1392 336.3562 336.5752 336.7961 337.0189 337.2436 337.4702 337.6988 337.9292 338.1615 338.3956 338.6315 338.8692 339.1086 339.3498 339.5926 339.837 340.0829 340.3304 340.5792 340.8293 341.0806 341.333 341.5864 341.8407 342.0957 342.3513 342.6072 342.8633 343.1195 343.3754 343.6309 343.8857 344.1394 344.3919 344.6427 344.8916 345.1382 345.382 345.6227 345.8599 346.0929 346.3214 346.5448 346.7626 346.9742 347.1789 347.3762
-9999 -9999 -9999 -9999 -9999 -9999 -9999 -9999 -9999 -9999 -9999 -9999 -9999 334.4445 334.6462 334.8498 335.0553 335.2627 335.472 335.6832 335.8963 336.1114 336.3283 336.5472 336.768 336.9908 337.2155 337.442 337.6705 337.9009 338.1331 338.3672 338.6031 338.8407 339.0802 339.3213 339.5641 339.8085 340.0544 340.3018 340.5506 340.8007 341.052 341.3044 341.5578 341.8121 342.067 342.3225 342.5784 342.8345 343.0906 343.3465 343.6018 343.8565 344.1101 344.3625 344.6132 344.8619 345.1082 345.3519 345.5923 345.8292 346.062 346.2901 346.5132 346.7306 346.9418 347.1461 347.343
-9999 -9999 -9999 -9999 -9999 -9999 -9999 -9999 -9999 -9999 -9999 -9999 -9999 334.4146 334.6161 334.8195 335.0248 335.232 335.4411 335.6521 335.8651 336.0799 336.2967 336.5154 336.7361 336.9587 337.1832 337.4096 337.6379 337.8681 338.1002 338.3341 338.5698 338.8073 339.0466 339.2875 339.5302 339.7744 340.0201 340.2673 340.5159 340.7658 341.0169 341.2691 341.5223 341.7763 342.031 342.2863 342.5419 342.7977 343.0535 343.309 343.564 343.8183 344.0715 344.3234 344.5737 344.8219 345.0678 345.3109 345.5508 345.787 346.0192 346.2467 346.4691 346.6859 346.8963 347.0999 347.296
-9999 -9999 -9999 -9999 -9999 -9999 -9999 -9999 -9999 -9999 -9999 -9999 334.1823 334.3817 334.5829 334.7861 334.9911 335.1981 335.4069 335.6176 335.8303 336.0449 336.2614 336.4799 336.7003 336.9226 337.1468 337.3729 337.601 337.8309 338.0626 338.2962 338.5317 338.7689 339.0078 339.2484 339.4908 339.7346 339.98 340.2269 340.4751 340.7246 340.9753 341.2271 341.4799 341.7334 341.9877 342.2424 342.4976 342.7528 343.008 343.2629 343.5174 343.771 344.0236 344.2747 344.5243 344.7718 345.0168 345.2591 345.4981 345.7335 345.9647 346.1913 346.4127 346.6284 346.8378 347.0403 347.2353
-9999 -9999 -9999 -9999 -9999 -9999 -9999 -9999 -9999 -9999 -9999 333.9495 334.1467 334.3458 334.5467 334.7495 334.9542 335.1608 335.3693 335.5797 335.792 336.0062 336.2224 336.4405 336.6605 336.8824 337.1062 337.332 337.5596 337.7891 338.0205 338.2537 338.4886 338.7254 338.9639 339.2041 339.4459 339.6892 339.9341 340.1805 340.4281 340.6771 340.9272 341.1784 341.4305 341.6834 341.937 342.191 342.4454 342.6999 342.9543 343.2084 343.4619 343.7146 343.9662 344.2165 344.465 344.7114 344.9554 345.1965 345.4344 345.6685 345.8985 346.1238 346.3439 346.5583 346.7663 346.9674 347.161
-9999 -9999 -9999 -9999 -9999 -9999 -9999 -9999 -9999 -9999 -9999 333.9114 334.1082 334.3069 334.5074 334.7098 334.9141 335.1202 335.3283 335.5383 335.7501 335.9639 336.1796 336.3972 336.6168 336.8382 337.0616 337.2868 337.5139 337.7429 337.9737 338.2063 338.4407 338.6769 338.9148 339.1543 339.3955 339.6382 339.8824 340.1281 340.375 340.6232 340.8726 341.1229 341.3742 341.6263 341.8789 342.132 342.3854 342.6389 342.8923 343.1453 343.3977 343.6493 343.8997 344.1487 344.3959 344.641 344.8836 345.1233 345.3597 345.5923 345.8208 346.0445 346.263 346.4756 346.682 346.8814 347.0733
-9999 -9999 -9999 -9999 -9999 -9999 -9999 -9999 -9999 -9999 333.6759 333.8705 334.0668 334.265 334.4651 334.667 334.8707 335.0764 335.2839 335.4934 335.7047 335.9179 336.1331 336.3502 336.5691 336.7899 337.0127 337.2373 337.4638 337.6921 337.9222 338.1542 338.3879 338.6234 338.8605 339.0993 339.3397 339.5816 339.8249 340.0697 340.3157 340.563 340.8114 341.0608 341.311 341.562 341.8135 342.0655 342.3177 342.57 342.8221 343.0738 343.3248 343.575 343.8239 344.0714 344.3171 344.5605 344.8015 345.0395 345.2741 345.505 345.7316 345.9535 346.17 346.3808 346.5852 346.7826 346.9725
-9999 -9999 -9999 -9999 -9999 -9999 -9999 -9999 -9999 333.4405 333.6327 333.8267 334.0225 334.2202 334.4196 334.621 334.8242 335.0292 335.2362 335.445 335.6557 335.8683 336.0829 336.2992 336.5175 336.7377 336.9597 337.1836 337.4093 337.6368 337.8662 338.0974 338.3302 338.5648 338.8011 339.0389 339.2784 339.5193 339.7617 340.0054 340.2504 340.4965 340.7438 340.992 341.241 341.4907 341.7409 341.9915 342.2423 342.4932 342.7437 342.9939 343.2433 343.4919 343.7391 343.9848 344.2286 344.4702 344.7093 344.9453 345.1779 345.4067 345.6312 345.8509 346.0653 346.2738 346.476 346.6711 346.8587
-9999 -9999 -9999 -9999 -9999 -9999 -9999 -9999 333.2051 333.395 333.5866 333.78 333.9753 334.1723 334.3712 334.5719 334.7744 334.9788 335.1851 335.3932 335.6032 335.8151 336.0289 336.2445 336.462 336.6813 336.9025 337.1256 337.3504 337.5771 337.8056 338.0358 338.2677 338.5013 338.7365 338.9733 339.2116 339.4514 339.6927 339.9352 340.1789 340.4238 340.6697 340.9165 341.1642 341.4124 341.6611 341.9102 342.1594 342.4085 342.6574 342.9057 343.1534 343.4 343.6453 343.889 344.1308 344.3703 344.6071 344.8409 345.0713 345.2978 345.5199 345.7371 345.9491 346.1551 346.3547 346.5474 346.7324
-9999 -9999 -9999 -9999 -9999 -9999 -9999 -9999 333.1576 333.3468 333.5378 333.7305 333.9251 334.1215 334.3196 334.5196 334.7214 334.9251 335.1306 335.338 335.5472 335.7582 335.9712 336.1859 336.4026 336.621 336.8413 337.0634 337.2873 337.5129 337.7403 337.9695 338.2003 338.4327 338.6668 338.9024 339.1395 339.3781 339.618 339.8591 340.1014 340.3449 340.5893 340.8346 341.0806 341.3272 341.5742 341.8215 342.0689 342.3162 342.5631 342.8094 343.055 343.2995 343.5427 343.7841 344.0236 344.2607 344.4952 344.7265 344.9543 345.1782 345.3977 345.6123 345.8215 346.0248 346.2217 346.4116 346.5938
-9999 -9999 -9999 -9999 -9999 -9999 -9999 332.9206 333.1074 333.2959 333.4862 333.6782 333.872 334.0676 334.265 334.4642 334.6653 334.8681 335.0728 335.2793 335.4876 335.6978 335.9098 336.1236 336.3392 336.5567 336.7759 336.9969 337.2198 337.4443 337.6706 337.8985 338.1281 338.3593 338.5921 338.8264 339.0621 339.2992 339.5376 339.7773 340.018 340.2599 340.5026 340.7462 340.9904 341.2352 341.4803 341.7256 341.971 342.2162 342.461 342.7052 342.9485 343.1906 343.4314 343.6704 343.9073 344.1419 344.3737 344.6023 344.8274 345.0485 345.2651 345.4768 345.683 345.8834 346.0772 346.2641 346.4433
-9999 -9999 -9999 -9999 -9999 -9999 332.6841 332.8685 333.0545 333.2423 333.4318 333.6231 333.8161 334.0109 334.2074 334.4058 334.6059 334.8079 335.0116 335.2172 335.4245 335.6337 335.8447 336.0575 336.272 336.4884 336.7065 336.9264 337.148 337.3713 337.5963 337.8229 338.0512 338.281 338.5123 338.7451 338.9793 339.2149 339.4517 339.6897 339.9287 340.1688 340.4097 340.6514 340.8937 341.1364 341.3795 341.6227 341.8659 342.1088 342.3513 342.593 342.8339 343.0735 343.3116 343.548 343.7822 344.0139 344.2429 344.4686 344.6907 344.9087 345.1223 345.3308 345.5339 345.7311 345.9217 346.1053 346.2813
-9999 -9999 -9999 -9999 -9999 332.4483 332.6302 332.8138 332.9991 333.186 333.3747 333.5651 333.7573 333.9512 334.1468 334.3442 334.5434 334.7444 334.9471 335.1517 335.358 335.5661 335.776 335.9876 336.201 336.4162 336.6331 336.8517 337.072 337.2939 337.5175 337.7427 337.9695 338.1978 338.4276 338.6588 338.8914 339.1252 339.3603 339.5964 339.8336 340.0718 340.3107 340.5503 340.7905 341.0311 341.2719 341.5128 341.7536 341.9941 342.234 342.4732 342.7114 342.9483 343.1836 343.4171 343.6484 343.8771 344.103 344.3256 344.5445 344.7593 344.9695 345.1748 345.3745 345.5682 345.7555 345.9356 346.1082
-9999 -9999 -9999 -9999 -9999 332.3927 332.5738 332.7566 332.941 333.1271 333.3149 333.5044 333.6956 333.8885 334.0832 334.2797 334.4778 334.6777 334.8794 335.0829 335.288 335.495 335.7036 335.914 336.1262 336.3401 336.5556 336.7728 336.9917 337.2122 337.4344 337.6581 337.8833 338.11 338.338 338.5675 338.7983 339.0303 339.2635 339.4977 339.7329 339.9689 340.2057 340.4431 340.6811 340.9193 341.1577 341.3961 341.6344 341.8723 342.1095 342.3459 342.5813 342.8152 343.0476 343.278 343.5062 343.7317 343.9543 344.1736 344.3891 344.6005 344.8072 345.0089 345.2051 345.3953 345.5789 345.7555 345.9244
-9999 -9999 -9999 -9999 332.1562 332.3347 332.515 332.6968 332.8803 333.0655 333.2523 333.4409 333.6311 333.823 334.0167 334.212 334.4091 334.6079 334.8084 335.0107 335.2146 335.4203 335.6277 335.8368 336.0476 336.2601 336.4742 336.69 336.9074 337.1263 337.3469 337.5689 337.7924 338.0174 338.2437 338.4713 338.7002 338.9302 339.1613 339.3935 339.6265 339.8604 340.0948 340.3299 340.5654 340.8012 341.037 341.2728 341.5084 341.7434 341.9778 342.2113 342.4436 342.6745 342.9037 343.1309 343.3557 343.5779 343.7971 344.0128 344.2248 344.4326 344.6357 344.8337 345.0262 345.2126 345.3925 345.5652 345.7304
-9999 -9999 -9999 331.9205 332.0966 332.2743 332.4536 332.6345 332.8171 333.0013 333.1871 333.3746 333.5638 333.7546 333.9472 334.1414 334.3373 334.5349 334.7342 334.9352 335.1379 335.3423 335.5483 335.756 335.9654 336.1763 336.3889 336.6031 336.8189 337.0363 337.2551 337.4754 337.6971 337.9201 338.1446 338.3702 338.597 338.825 339.054 339.2839 339.5146 339.7462 339.9782 340.2108 340.4438 340.6769 340.91 341.143 341.3757 341.6078 341.8392 342.0696 342.2988 342.5264 342.7523 342.9761 343.1974 343.4161 343.6317 343.8438 344.052 344.256 344.4553 344.6495 344.8381 345.0206 345.1965 345.3654 345.5266
-9999 -9999 -9999 331.8596 332.0348 332.2115 332.3898 332.5698 332.7513 332.9344 333.1192 333.3056 333.4937 333.6834 333.8748 334.0678 334.2625 334.4588 334.6568 334.8565 335.0578 335.2608 335.4654 335.6716 335.8794 336.0888 336.2999 336.5124 336.7265 336.942 337.1591 337.3775 337.5973 337.8184 338.0408 338.2644 338.4891 338.7148 338.9415 339.1691 339.3975 339.6265 339.856 340.086 340.3162 340.5466 340.7769 341.007 341.2366 341.4657 341.6939 341.921 342.1469 342.3711 342.5935 342.8138 343.0315 343.2465 343.4583 343.6666 343.871 344.0711 344.2664 344.4566 344.6412 344.8196 344.9915 345.1563 345.3135
-9999 -9999 331.6238 331.7964 331.9706 332.1464 332.3237 332.5025 332.683 332.8651 333.0487 333.234 333.4209 333.6094 333.7995 333.9913 334.1847 334.3797 334.5763 334.7746 334.9744 335.1759 335.379 335.5837 335.7899 335.9977 336.207 336.4178 336.6301 336.8438 337.0589 337.2754 337.4932 337.7122 337.9325 338.1539 338.3763 338.5997 338.8241 339.0492 339.275 339.5014 339.7283 339.9555 340.183 340.4104 340.6377 340.8647 341.0913 341.3171 341.542 341.7658 341.9882 342.2089 342.4277 342.6443 342.8583 343.0694 343.2773 343.4817 343.6821 343.8781 344.0694 344.2555 344.4359 344.6102 344.7779 344.9385 345.0916
-9999 331.3892 331.5593 331.731 331.9041 332.0789 332.2551 332.4329 332.6122 332.7932 332.9756 333.1597 333.3453 333.5326 333.7214 333.9119 334.1039 334.2975 334.4927 334.6895 334.8878 335.0878 335.2892 335.4923 335.6968 335.9029 336.1104 336.3194 336.5298 336.7416 336.9547 337.1692 337.3848 337.6017 337.8197 338.0388 338.2589 338.4799 338.7018 338.9243 339.1475 339.3712 339.5953 339.8196 340.0441 340.2686 340.4928 340.7166 340.9399 341.1624 341.3839 341.6041 341.8229 342.04 342.2551 342.4678 342.6779 342.8852 343.0891 343.2894 343.4857 343.6776 343.8646 344.0464 344.2226 344.3926 344.5561 344.7125 344.8613
331.1559 331.3236 331.4927 331.6633 331.8354 332.009 332.1842 332.3608 332.539 332.7187 332.9 333.0828 333.2672 333.4531 333.6405 333.8296 334.0202 334.2123 334.406 334.6013 334.7981 334.9964 335.1962 335.3975 335.6003 335.8045 336.0102 336.2173 336.4257 336.6355 336.8465 337.0588 337.2723 337.4869 337.7026 337.9193 338.137 338.3555 338.5747 338.7946 339.015 339.2359 339.4571 339.6785 339.8999 340.1212 340.3422 340.5627 340.7827 341.0017 341.2196 341.4363 341.6514 341.8647 342.0759 342.2848 342.4909 342.6941 342.8939 343.09 343.2821 343.4697 343.6524 343.83 344.0018 344.1674 344.3265 344.4786 344.623
-9999 -9999 -9999 -9999 -9999 -9999 -9999 -9999 -9999 -9999 -9999 -9999 -9999 -9999 -9999 -9999 -9999 -9999 -9999 -9999 -9999 -9999 -9999 -9999 -9999 -9999 -9999 -9999 -9999 -9999 -9999 -9999 -9999 -9999 -9999 -9999 -9999 -9999 -9999 -9999 -9999 -9999 -9999 -9999 -9999 -9999 -9999 -9999 -9999 -9999 -9999 -9999 -9999 -9999 -9999 -9999 -9999 -9999 -9999 -9999 -9999 -9999 -9999 -9999 -9999 -9999 -9999 -9999 -9999
-9999 -9999 -9999 -9999 -9999 -9999 -9999 -9999 -9999 -9999 -9999 -9999 -9999 -9999 -9999 -9999 -9999 -9999 -9999 -9999 -9999 -9999 -9999 -9999 -9999 -9999 -9999 -9999 -9999 -9999 -9999 -9999 -9999 -9999 -9999 -9999 -9999 -9999 -9999 -9999 -9999 -9999 -9999 -9999 -9999 -9999 -9999 -9999 -9999 -9999 -9999 -9999 -9999 -9999 -9999 -9999 -9999 -9999 -9999 -9999 -9999 -9999 -9999 -9999 -9999 -9999 -9999 -9999 -9999
