geo_vtk/data/arcgis/d50_1m.asc
ncols         550
nrows         475
xllcorner     507468.2812
yllcorner     5715649.8944
cellsize      5
NODATA_value  -9999
[rows 210 to 239 of 475, columns 345 to 413 of 550]
300.2693 300.2549 300.2355 300.2109 300.181 300.1458 300.1051 300.0589 300.0072 299.9499 299.8871 299.8189 299.7452 299.6663 299.5822 299.493 299.399 299.3004 299.1972 299.0899 298.9785 298.8634 298.7447 298.6227 298.4978 298.3701 298.2398 298.1073 297.9727 297.8363 297.6983 297.5589 297.4183 297.2766 297.134 296.9908 296.8469 296.7025 296.5577 296.4127 296.2674 296.122 295.9765 295.831 295.6855 295.54 295.3946 295.2493 295.104 294.9589 294.8139 294.6691 294.5244 294.3798 294.2354 294.0912 293.9471 293.8032 293.6596 293.5162 293.373 293.2301 293.0876 292.9453 292.8035 292.6621 292.5212 292.3808 292.2411
300.6083 300.599 300.5844 300.5643 300.5386 300.507 300.4697 300.4263 300.377 300.3217 300.2603 300.193 300.1198 300.0408 299.9561 299.8658 299.7701 299.6693 299.5635 299.4529 299.3379 299.2186 299.0953 298.9683 298.8379 298.7043 298.5679 298.4288 298.2874 298.1438 297.9984 297.8513 297.7029 297.5532 297.4025 297.2509 297.0987 296.9458 296.7926 296.639 296.4852 296.3313 296.1773 296.0234 295.8695 295.7158 295.5622 295.4088 295.2556 295.1027 294.95 294.7976 294.6455 294.4938 294.3424 294.1913 294.0406 293.8903 293.7403 293.5908 293.4417 293.2932 293.1451 292.9976 292.8506 292.7043 292.5587 292.4138 292.2697
300.9515 300.9475 300.9377 300.9222 300.9006 300.8729 300.8388 300.7984 300.7515 300.6981 300.6382 300.5718 300.499 300.4198 300.3344 300.2429 300.1455 300.0424 299.9338 299.8199 299.7011 299.5775 299.4495 299.3173 299.1813 299.0417 298.8989 298.7531 298.6046 298.4538 298.3008 298.146 297.9895 297.8317 297.6726 297.5126 297.3518 297.1904 297.0285 296.8663 296.7039 296.5413 296.3788 296.2162 296.0539 295.8918 295.7299 295.5684 295.4072 295.2464 295.086 294.9261 294.7666 294.6076 294.4491 294.2912 294.1338 293.977 293.8207 293.6651 293.5102 293.3559 293.2023 293.0495 292.8975 292.7462 292.5959 292.4465 292.2981
301.2987 301.3 301.2952 301.2843 301.2669 301.243 301.2124 301.1748 301.1304 301.0789 301.0204 300.955 300.8825 300.8032 300.717 300.6243 300.525 300.4196 300.308 300.1908 300.068 299.94 299.8071 299.6696 299.5278 299.382 299.2327 299.08 298.9244 298.7661 298.6053 298.4426 298.278 298.1118 297.9443 297.7757 297.6063 297.4361 297.2655 297.0945 296.9232 296.7519 296.5807 296.4095 296.2386 296.0681 295.8979 295.7281 295.5588 295.39 295.2219 295.0543 294.8874 294.7211 294.5555 294.3907 294.2266 294.0633 293.9008 293.7391 293.5782 293.4182 293.2592 293.1011 292.944 292.788 292.633 292.4791 292.3265
301.6495 301.6562 301.6565 301.6503 301.6372 301.6172 301.5899 301.5554 301.5134 301.4639 301.4068 301.3422 301.2701 301.1905 301.1036 301.0095 300.9084 300.8004 300.6859 300.5651 300.4383 300.3057 300.1678 300.0248 299.8771 299.7251 299.5691 299.4094 299.2464 299.0804 298.9119 298.741 298.5681 298.3934 298.2173 298.04 297.8618 297.6828 297.5032 297.3233 297.1432 296.963 296.783 296.6031 296.4236 296.2444 296.0658 295.8877 295.7103 295.5335 295.3575 295.1823 295.0078 294.8343 294.6616 294.4898 294.319 294.1492 293.9803 293.8125 293.6458 293.4802 293.3157 293.1523 292.9902 292.8293 292.6697 292.5115 292.3547
302.0036 302.0157 302.0212 302.0197 302.0111 301.995 301.9712 301.9396 301.9001 301.8526 301.797 301.7332 301.6614 301.5816 301.4938 301.3983 301.2952 301.1847 301.0671 300.9427 300.8117 300.6745 300.5314 300.3828 300.2291 300.0706 299.9078 299.7409 299.5705 299.3968 299.2201 299.041 298.8596 298.6764 298.4915 298.3054 298.1182 297.9302 297.7416 297.5526 297.3635 297.1744 296.9854 296.7967 296.6085 296.4207 296.2336 296.0471 295.8614 295.6766 295.4927 295.3098 295.1278 294.9469 294.7671 294.5884 294.4109 294.2345 294.0594 293.8855 293.7129 293.5416 293.3716 293.2031 293.036 292.8703 292.7062 292.5436 292.3827
302.3605 302.3783 302.389 302.3924 302.3881 302.376 302.3558 302.3273 302.2903 302.2447 302.1905 302.1277 302.0561 301.976 301.8874 301.7904 301.6852 301.5721 301.4514 301.3232 301.1879 301.046 300.8976 300.7433 300.5834 300.4184 300.2486 300.0744 299.8963 299.7147 299.5299 299.3423 299.1524 298.9604 298.7666 298.5715 298.3752 298.1781 297.9804 297.7823 297.5841 297.3859 297.1879 296.9903 296.7932 296.5967 296.401 296.2061 296.0122 295.8192 295.6274 295.4367 295.2472 295.0589 294.8719 294.6863 294.502 294.3192 294.1377 293.9578 293.7793 293.6024 293.4271 293.2534 293.0813 292.9109 292.7422 292.5754 292.4104
302.7199 302.7433 302.7594 302.7677 302.7679 302.7599 302.7432 302.7178 302.6833 302.6398 302.5871 302.5251 302.4538 302.3734 302.2838 302.1853 302.0781 301.9623 301.8383 301.7062 301.5666 301.4198 301.2661 301.1059 300.9397 300.768 300.5911 300.4095 300.2236 300.0339 299.8408 299.6447 299.4461 299.2452 299.0424 298.8382 298.6327 298.4264 298.2194 298.0121 297.8047 297.5973 297.3902 297.1836 296.9776 296.7723 296.568 296.3646 296.1623 295.9612 295.7614 295.5629 295.3658 295.1702 294.976 294.7834 294.5924 294.403 294.2153 294.0293 293.845 293.6625 293.4818 293.303 293.126 292.951 292.7779 292.6068 292.4377
303.0812 303.1104 303.1319 303.1452 303.15 303.1461 303.1331 303.1107 303.0789 303.0374 302.9861 302.925 302.854 302.7732 302.6827 302.5827 302.4733 302.3547 302.2274 302.0915 301.9474 301.7956 301.6364 301.4703 301.2977 301.1191 300.935 300.7458 300.5521 300.3542 300.1526 299.9479 299.7404 299.5305 299.3186 299.1051 298.8904 298.6747 298.4584 298.2417 298.025 297.8083 297.5921 297.3764 297.1614 296.9473 296.7342 296.5223 296.3117 296.1024 295.8946 295.6883 295.4836 295.2805 295.0792 294.8796 294.6819 294.486 294.2921 294.1 293.9099 293.7219 293.5358 293.3519 293.17 292.9904 292.8129 292.6377 292.4647
303.444 303.4791 303.506 303.5244 303.5339 303.5341 303.5248 303.5056 303.4764 303.4369 303.3871 303.3268 303.2561 303.175 303.0836 302.9819 302.8703 302.749 302.6182 302.4784 302.3298 302.1729 302.0081 301.8359 301.6569 301.4713 301.2799 301.083 300.8813 300.6751 300.465 300.2515 300.035 299.816 299.5949 299.3721 299.1479 298.9228 298.697 298.4709 298.2448 298.0188 297.7933 297.5685 297.3444 297.1214 296.8996 296.6791 296.4601 296.2425 296.0267 295.8125 295.6002 295.3898 295.1813 294.9748 294.7703 294.568 294.3677 294.1697 293.9738 293.7802 293.589 293.4 293.2133 293.0291 292.8473 292.668 292.4912
303.8077 303.8486 303.8811 303.9047 303.9189 303.9233 303.9178 303.9018 303.8752 303.8379 303.7895 303.7301 303.6597 303.5782 303.4858 303.3826 303.2687 303.1445 303.0103 302.8664 302.7132 302.5512 302.3808 302.2025 302.0168 301.8242 301.6254 301.4207 301.2108 300.9963 300.7775 300.5551 300.3296 300.1013 299.8709 299.6386 299.405 299.1703 298.935 298.6994 298.4638 298.2284 297.9936 297.7595 297.5264 297.2945 297.0639 296.8347 296.6072 296.3815 296.1575 295.9356 295.7156 295.4978 295.2821 295.0687 294.8575 294.6487 294.4423 294.2382 294.0367 293.8376 293.6411 293.4471 293.2557 293.067 292.881 292.6976 292.517
304.1716 304.2185 304.2567 304.2854 304.3044 304.3131 304.3113 304.2986 304.2748 304.2395 304.1927 304.1342 304.0641 303.9822 303.8888 303.784 303.6678 303.5408 303.4031 303.2551 303.0973 302.93 302.7539 302.5693 302.377 302.1773 301.9709 301.7584 301.5403 301.3173 301.0898 300.8584 300.6237 300.3861 300.1462 299.9044 299.6612 299.417 299.1721 298.9268 298.6817 298.4369 298.1927 297.9493 297.7071 297.4662 297.2267 296.989 296.753 296.519 296.287 296.0571 295.8296 295.6043 295.3815 295.1611 294.9433 294.7281 294.5154 294.3055 294.0982 293.8937 293.692 293.4931 293.2971 293.1039 292.9137 292.7264 292.5422
304.5351 304.5881 304.6319 304.666 304.6898 304.7029 304.7049 304.6955 304.6744 304.6413 304.596 304.5385 304.4686 304.3864 304.292 304.1855 304.0671 303.9371 303.7959 303.6438 303.4812 303.3087 303.1268 302.936 302.7368 302.53 302.316 302.0956 301.8692 301.6375 301.4012 301.1608 300.9169 300.6699 300.4205 300.1691 299.9163 299.6623 299.4077 299.1529 298.8982 298.6438 298.3902 298.1376 297.8862 297.6362 297.3879 297.1415 296.897 296.6547 296.4147 296.177 295.9418 295.7092 295.4792 295.252 295.0275 294.8059 294.5871 294.3713 294.1584 293.9485 293.7417 293.538 293.3373 293.1398 292.9455 292.7544 292.5665
304.8975 304.9567 305.0062 305.0456 305.0742 305.0918 305.0977 305.0916 305.0733 305.0424 304.9987 304.942 304.8725 304.7899 304.6945 304.5864 304.4657 304.3328 304.188 304.0318 303.8645 303.6867 303.4989 303.3018 303.0959 302.8817 302.6601 302.4316 302.1969 301.9567 301.7114 301.4619 301.2086 300.9522 300.6933 300.4323 300.1697 299.906 299.6417 299.3772 299.1128 298.8489 298.5859 298.3239 298.0633 297.8044 297.5472 297.2921 297.0392 296.7885 296.5405 296.295 296.0522 295.8122 295.5751 295.341 295.11 294.882 294.6571 294.4354 294.217 294.0018 293.7899 293.5814 293.3762 293.1744 292.9761 292.7812 292.5898
305.2581 305.3234 305.3787 305.4235 305.4571 305.479 305.4889 305.4862 305.4707 305.442 305.3998 305.3442 305.275 305.1921 305.0957 304.9859 304.863 304.7271 304.5788 304.4184 304.2463 304.0632 303.8696 303.6661 303.4533 303.2319 303.0026 302.7661 302.5229 302.274 302.0198 301.7611 301.4985 301.2326 300.9641 300.6934 300.4211 300.1476 299.8736 299.5993 299.3253 299.0518 298.7793 298.508 298.2382 297.9702 297.7042 297.4404 297.179 296.9202 296.664 296.4107 296.1604 295.9131 295.6689 295.428 295.1904 294.9561 294.7252 294.4977 294.2738 294.0533 293.8365 293.6232 293.4136 293.2076 293.0053 292.8068 292.6119
305.6161 305.6876 305.7487 305.7988 305.8374 305.8638 305.8776 305.8784 305.8657 305.8392 305.7988 305.7441 305.6752 305.5921 305.4947 305.3833 305.2581 305.1193 304.9674 304.8028 304.626 304.4376 304.2381 304.0281 303.8085 303.5798 303.3428 303.0982 302.8466 302.589 302.3258 302.058 301.786 301.5106 301.2323 300.9519 300.6698 300.3867 300.1028 299.8188 299.5352 299.2521 298.9701 298.6895 298.4105 298.1335 297.8586 297.5862 297.3163 297.0492 296.7851 296.524 296.2661 296.0116 295.7604 295.5127 295.2685 295.028 294.7911 294.558 294.3286 294.103 293.8812 293.6633 293.4493 293.2393 293.0331 292.8309 292.6328
305.9706 306.0483 306.1152 306.1708 306.2144 306.2453 306.2631 306.2673 306.2574 306.2333 306.1945 306.1409 306.0724 305.9889 305.8906 305.7776 305.6501 305.5084 305.353 305.1842 305.0027 304.8089 304.6035 304.3872 304.1607 303.9247 303.68 303.4273 303.1673 302.9009 302.6288 302.3517 302.0704 301.7854 301.4976 301.2074 300.9156 300.6226 300.329 300.0353 299.742 299.4494 299.1579 298.868 298.5798 298.2938 298.0101 297.729 297.4507 297.1754 296.9034 296.6346 296.3692 296.1074 295.8492 295.5948 295.3442 295.0975 294.8547 294.6159 294.3812 294.1505 293.9239 293.7015 293.4832 293.2691 293.0592 292.8535 292.6521
306.3208 306.4047 306.4775 306.5385 306.587 306.6225 306.6443 306.6519 306.645 306.6231 306.586 306.5335 306.4654 306.3817 306.2825 306.1679 306.0381 305.8936 305.7347 305.5618 305.3755 305.1764 304.9652 304.7425 304.5092 304.2659 304.0134 303.7526 303.4843 303.2092 302.9281 302.6418 302.3511 302.0566 301.7592 301.4593 301.1577 300.855 300.5517 300.2483 299.9453 299.6431 299.3423 299.043 298.7457 298.4507 298.1582 297.8686 297.5819 297.2985 297.0185 296.742 296.4692 296.2003 295.9352 295.6742 295.4172 295.1644 294.9158 294.6714 294.4314 294.1957 293.9644 293.7375 293.515 293.2969 293.0833 292.8743 292.6697
306.6658 306.7559 306.8345 306.9009 306.9545 306.9944 307.0203 307.0314 307.0274 307.0078 306.9724 306.921 306.8533 306.7694 306.6693 306.5532 306.4213 306.2739 306.1115 305.9345 305.7435 305.5392 305.3221 305.0932 304.853 304.6024 304.3423 304.0735 303.7968 303.513 303.223 302.9276 302.6275 302.3236 302.0165 301.707 301.3957 301.0833 300.7702 300.4572 300.1446 299.8329 299.5227 299.2142 298.9078 298.6039 298.3027 298.0045 297.7096 297.4181 297.1302 296.8461 296.566 296.2899 296.018 295.7504 295.4872 295.2283 294.9739 294.7241 294.4789 294.2383 294.0023 293.771 293.5444 293.3225 293.1054 292.893 292.6854
307.0047 307.1009 307.1853 307.2571 307.3156 307.3601 307.39 307.4046 307.4035 307.3863 307.3527 307.3023 307.2351 307.151 307.0501 306.9325 306.7985 306.6483 306.4825 306.3015 306.1058 305.8963 305.6735 305.4383 305.1913 304.9336 304.6659 304.3891 304.104 303.8116 303.5128 303.2082 302.8989 302.5856 302.269 301.9499 301.6289 301.3068 300.9841 300.6615 300.3394 300.0183 299.6987 299.3811 299.0657 298.7529 298.4431 298.1364 297.8333 297.5337 297.2381 296.9465 296.6591 296.376 296.0974 295.8233 295.5538 295.289 295.029 294.7738 294.5235 294.278 294.0375 293.8019 293.5714 293.3457 293.1252 292.9095 292.699
307.3365 307.4388 307.529 307.6061 307.6696 307.7186 307.7524 307.7705 307.7724 307.7575 307.7256 307.6764 307.6097 307.5255 307.4238 307.3048 307.1686 307.0157 306.8466 306.6616 306.4614 306.2467 306.0183 305.7769 305.5233 305.2584 304.9832 304.6985 304.4052 304.1043 303.7966 303.4831 303.1646 302.8419 302.5159 302.1872 301.8568 301.5251 301.1928 300.8607 300.5291 300.1987 299.8699 299.5432 299.2188 298.8973 298.5789 298.2639 297.9526 297.6452 297.3419 297.0428 296.7482 296.4582 296.1729 295.8925 295.6169 295.3463 295.0807 294.8202 294.5649 294.3147 294.0697 293.83 293.5955 293.3662 293.1423 292.9236 292.7102
307.6603 307.7686 307.8644 307.9469 308.0152 308.0686 308.1064 308.128 308.1328 308.1203 308.0902 308.0421 307.976 307.8917 307.7893 307.6689 307.5307 307.3752 307.2027 307.0139 306.8092 306.5895 306.3555 306.108 305.8479 305.576 305.2934 305.0009 304.6995 304.3901 304.0738 303.7514 303.4238 303.0919 302.7565 302.4185 302.0786 301.7374 301.3957 301.0541 300.7133 300.3736 300.0357 299.7 299.3668 299.0367 298.7098 298.3865 298.0672 297.752 297.4411 297.1347 296.833 296.5363 296.2444 295.9576 295.6761 295.3997 295.1287 294.863 294.6028 294.348 294.0987 293.8549 293.6166 293.3838 293.1566 292.9349 292.7187
307.975 308.0892 308.1906 308.2783 308.3514 308.4093 308.451 308.476 308.4837 308.4736 308.4452 308.3984 308.3328 308.2485 308.1454 308.0237 307.8836 307.7255 307.5499 307.3572 307.1482 306.9236 306.6841 306.4307 306.1641 305.8854 305.5955 305.2953 304.986 304.6684 304.3435 304.0123 303.6758 303.3348 302.9902 302.6429 302.2937 301.9432 301.5922 301.2414 300.8913 300.5425 300.1956 299.851 299.5092 299.1705 298.8353 298.5039 298.1766 297.8537 297.5354 297.2218 296.9132 296.6097 296.3114 296.0185 295.731 295.4491 295.1727 294.902 294.637 294.3777 294.1241 293.8764 293.6344 293.3982 293.1678 292.9432 292.7244
308.2798 308.3997 308.5066 308.5994 308.6772 308.7393 308.785 308.8134 308.8239 308.8161 308.7896 308.7439 308.679 308.5947 308.4909 308.368 308.2261 308.0655 307.8868 307.6906 307.4773 307.2479 307.0032 306.7439 306.471 306.1856 305.8886 305.5809 305.2638 304.938 304.6048 304.2651 303.9198 303.5699 303.2163 302.8598 302.5014 302.1418 301.7816 301.4217 301.0626 300.7048 300.3491 299.9958 299.6454 299.2983 298.9549 298.6155 298.2805 297.95 297.6244 297.3037 296.9883 296.6782 296.3737 296.0747 295.7815 295.494 295.2124 294.9368 294.6671 294.4034 294.1458 293.8941 293.6486 293.4091 293.1756 292.9482 292.7269
308.5735 308.6991 308.8112 308.909 308.9915 309.0578 309.1072 309.1389 309.1523 309.1469 309.1221 309.0777 309.0134 308.9291 308.8248 308.7007 308.5571 308.3942 308.2125 308.0127 307.7954 307.5614 307.3115 307.0466 306.7676 306.4757 306.1717 305.8568 305.532 305.1983 304.8569 304.5088 304.1549 303.7963 303.4339 303.0685 302.7011 302.3325 301.9634 301.5945 301.2265 300.86 300.4956 300.1338 299.775 299.4197 299.0682 298.721 298.3784 298.0405 297.7076 297.3801 297.058 296.7415 296.4308 296.1259 295.827 295.5342 295.2476 294.9671 294.6929 294.4249 294.1632 293.9079 293.6589 293.4162 293.1798 292.9497 292.726
308.8553 308.9862 309.1035 309.2061 309.2931 309.3636 309.4166 309.4516 309.4678 309.4646 309.4416 309.3984 309.3348 309.2506 309.1458 309.0207 308.8754 308.7102 308.5258 308.3226 308.1014 307.8629 307.6081 307.3377 307.0529 306.7546 306.4439 306.1219 305.7897 305.4484 305.099 304.7427 304.3805 304.0133 303.6423 303.2682 302.8921 302.5147 302.1368 301.7592 301.3825 301.0074 300.6346 300.2644 299.8974 299.5341 299.1748 298.8199 298.4698 298.1247 297.7848 297.4505 297.1219 296.7991 296.4824 296.1718 295.8674 295.5694 295.2777 294.9926 294.714 294.4419 294.1763 293.9174 293.665 293.4193 293.18 292.9474 292.7213
309.1241 309.2603 309.3825 309.4897 309.5811 309.6555 309.7121 309.7502 309.7691 309.7682 309.7469 309.705 309.642 309.558 309.4529 309.3267 309.1798 309.0126 308.8255 308.6191 308.3942 308.1514 307.8918 307.6162 307.3257 307.0213 306.7042 306.3753 306.036 305.6872 305.3301 304.9659 304.5956 304.2202 303.8408 303.4583 303.0736 302.6877 302.3013 301.9152 301.5301 301.1466 300.7654 300.3871 300.0121 299.641 299.274 298.9117 298.5543 298.2021 297.8555 297.5146 297.1796 296.8507 296.5281 296.2119 295.9022 295.5991 295.3027 295.013 294.7301 294.4539 294.1847 293.9222 293.6667 293.4179 293.176 292.9409 292.7126
309.379 309.5202 309.6471 309.7588 309.8543 309.9325 309.9926 310.0338 310.0553 310.0565 310.037 309.9962 309.934 309.8501 309.7446 309.6176 309.4693 309.3001 309.1105 308.9011 308.6726 308.4258 308.1617 307.8811 307.5851 307.2749 306.9515 306.6161 306.2699 305.914 305.5495 305.1776 304.7995 304.4161 304.0286 303.6379 303.245 302.8508 302.4561 302.0618 301.6685 301.2769 300.8877 300.5015 300.1187 299.74 299.3656 298.996 298.6315 298.2725 297.9192 297.5719 297.2307 296.8959 296.5676 296.246 295.9311 295.6231 295.322 295.0279 294.7409 294.4609 294.188 293.9222 293.6635 293.412 293.1674 292.93 292.6996
309.6192 309.765 309.8965 310.0124 310.1118 310.1936 310.257 310.3011 310.3251 310.3285 310.3106 310.271 310.2095 310.1259 310.0201 309.8923 309.7427 309.5717 309.3797 309.1675 308.9356 308.685 308.4166 308.1313 307.8302 307.5144 307.1851 306.8434 306.4906 306.1278 305.7562 305.377 304.9913 304.6003 304.205 303.8064 303.4055 303.0034 302.6007 302.1984 301.7971 301.3977 301.0008 300.6069 300.2166 299.8305 299.4489 299.0723 298.701 298.3353 297.9756 297.622 297.2749 296.9343 296.6005 296.2737 295.9538 295.641 295.3354 295.0371 294.746 294.4623 294.1859 293.9169 293.6553 293.401 293.154 292.9143 292.6819
309.8437 309.994 310.1296 310.2495 310.3526 310.4378 310.5044 310.5512 310.5777 310.583 310.5667 310.5283 310.4676 310.3842 310.2782 310.1497 309.9989 309.8262 309.6321 309.4172 309.1822 308.928 308.6555 308.3658 308.0598 307.7387 307.4038 307.0562 306.6971 306.3278 305.9494 305.5632 305.1703 304.772 304.3692 303.9631 303.5546 303.1447 302.7344 302.3244 301.9155 301.5086 301.1042 300.7029 300.3054 299.9121 299.5235 299.1401 298.7622 298.3901 298.0241 297.6646 297.3117 296.9656 296.6265 296.2945 295.9698 295.6524 295.3425 295.0401 294.7452 294.4579 294.1782 293.9061 293.6416 293.3847 293.1353 292.8935 292.6592
