geo_vtk/data/arcgis/d50_1m.asc
ncols         550
nrows         475
xllcorner     507468.2812
yllcorner     5715649.8944
cellsize      5
NODATA_value  -9999
[rows 150 to 179 of 475, columns 207 to 275 of 550]
298.7465 298.45 298.1603 297.8776 297.6016 297.3323 297.0696 296.8134 296.5638 296.3206 296.084 295.8538 295.6302 295.4132 295.2028 294.9991 294.8023 294.6123 294.4294 294.2535 294.0849 293.9236 293.7698 293.6236 293.4851 293.3546 293.2319 293.1173 293.011 292.9129 292.8232 292.7419 292.6692 292.6049 292.5493 292.5023 292.4639 292.4341 292.4128 292.4001 292.3957 292.3997 292.4119 292.4323 292.4605 292.4966 292.5402 292.5912 292.6495 292.7146 292.7864 292.8647 292.949 293.0391 293.1347 293.2355 293.3411 293.4511 293.5653 293.6831 293.8043 293.9283 294.055 294.1837 294.3141 294.4459 294.5785 294.7116 294.8447
298.8748 298.5875 298.307 298.0333 297.7662 297.5057 297.2516 297.0038 296.7623 296.527 296.298 296.0752 295.8586 295.6483 295.4442 295.2466 295.0553 294.8705 294.6923 294.5208 294.3562 294.1985 294.0478 293.9042 293.7679 293.6391 293.5178 293.4041 293.2981 293.2 293.1098 293.0276 292.9536 292.8875 292.8297 292.7801 292.7386 292.7054 292.6803 292.6633 292.6544 292.6535 292.6604 292.6751 292.6974 292.7272 292.7643 292.8085 292.8596 292.9174 292.9816 293.052 293.1283 293.2103 293.2975 293.3897 293.4866 293.5879 293.6931 293.8019 293.914 294.029 294.1465 294.2661 294.3874 294.51 294.6335 294.7576 294.8818
298.9889 298.7106 298.4392 298.1745 297.9163 297.6645 297.4189 297.1794 296.9461 296.7187 296.4973 296.2818 296.0723 295.8686 295.671 295.4793 295.2936 295.1141 294.9408 294.7738 294.6132 294.4591 294.3116 294.1709 294.037 293.91 293.7902 293.6776 293.5722 293.4743 293.3839 293.301 293.2258 293.1583 293.0986 293.0466 293.0024 292.9661 292.9375 292.9167 292.9035 292.898 292.9001 292.9095 292.9263 292.9502 292.9812 293.019 293.0634 293.1142 293.1713 293.2343 293.303 293.3772 293.4565 293.5406 293.6293 293.7222 293.819 293.9193 294.0228 294.1291 294.2379 294.3488 294.4613 294.5753 294.6902 294.8057 294.9214
299.0886 298.8194 298.557 298.3012 298.0518 297.8087 297.5717 297.3405 297.1153 296.8958 296.682 296.4739 296.2714 296.0745 295.8832 295.6976 295.5176 295.3434 295.1751 295.0126 294.8562 294.7058 294.5617 294.4239 294.2925 294.1676 294.0495 293.9381 293.8336 293.7361 293.6456 293.5623 293.4863 293.4175 293.3561 293.3022 293.2556 293.2164 293.1847 293.1603 293.1433 293.1336 293.1311 293.1357 293.1472 293.1657 293.1909 293.2227 293.2609 293.3052 293.3555 293.4116 293.4732 293.54 293.6118 293.6883 293.7692 293.8542 293.9429 294.0352 294.1305 294.2286 294.3291 294.4317 294.5361 294.6418 294.7484 294.8557 294.9633
299.174 298.9138 298.6605 298.4136 298.173 297.9385 297.71 297.4872 297.2701 297.0585 296.8524 296.6516 296.4561 296.266 296.0812 295.9017 295.7275 295.5587 295.3954 295.2376 295.0854 294.939 294.7983 294.6636 294.5349 294.4123 294.2959 294.186 294.0825 293.9856 293.8954 293.8119 293.7353 293.6656 293.6028 293.5471 293.4984 293.4567 293.4221 293.3946 293.374 293.3604 293.3537 293.3538 293.3606 293.374 293.3939 293.42 293.4523 293.4905 293.5345 293.584 293.6389 293.6988 293.7635 293.8328 293.9063 293.9838 294.065 294.1495 294.2372 294.3275 294.4202 294.515 294.6114 294.7093 294.8081 294.9077 295.0075
299.2451 298.994 298.7496 298.5116 298.2798 298.054 297.834 297.6196 297.4106 297.2069 297.0084 296.8151 296.6267 296.4435 296.2651 296.0918 295.9235 295.7602 295.6021 295.449 295.3012 295.1588 295.0217 294.8902 294.7643 294.6442 294.5299 294.4216 294.3193 294.2233 294.1335 294.05 293.9731 293.9026 293.8388 293.7816 293.7311 293.6872 293.6501 293.6197 293.5959 293.5788 293.5682 293.5641 293.5665 293.5752 293.5901 293.611 293.6378 293.6703 293.7083 293.7517 293.8002 293.8536 293.9117 293.9741 294.0407 294.1112 294.1852 294.2625 294.3427 294.4257 294.511 294.5983 294.6873 294.7777 294.8692 294.9613 295.0539
299.3019 299.0598 298.8244 298.5953 298.3724 298.1552 297.9438 297.7377 297.5369 297.3412 297.1504 296.9645 296.7834 296.607 296.4353 296.2682 296.1059 295.9482 295.7953 295.6472 295.5039 295.3656 295.2323 295.1042 294.9813 294.8637 294.7516 294.6451 294.5443 294.4493 294.3602 294.2771 294.2 294.1291 294.0645 294.006 293.954 293.9082 293.8689 293.8359 293.8092 293.7889 293.7748 293.7669 293.7652 293.7695 293.7798 293.7958 293.8174 293.8446 293.8771 293.9148 293.9573 294.0046 294.0564 294.1124 294.1725 294.2362 294.3035 294.3739 294.4473 294.5232 294.6015 294.6817 294.7637 294.847 294.9315 295.0166 295.1022
299.3445 299.1115 298.885 298.6649 298.4508 298.2424 298.0395 297.8418 297.6492 297.4615 297.2785 297.1002 296.9263 296.7569 296.5919 296.4312 296.2748 296.1229 295.9753 295.8322 295.6936 295.5596 295.4302 295.3056 295.1859 295.0712 294.9615 294.857 294.7579 294.6641 294.5759 294.4933 294.4164 294.3453 294.28 294.2207 294.1673 294.12 294.0787 294.0434 294.0142 293.9909 293.9737 293.9623 293.9568 293.9571 293.9631 293.9746 293.9915 294.0137 294.041 294.0733 294.1103 294.1518 294.1977 294.2477 294.3015 294.359 294.4199 294.4839 294.5507 294.62 294.6916 294.7652 294.8405 294.9171 294.9948 295.0734 295.1523
299.373 299.149 298.9316 298.7204 298.5152 298.3155 298.1212 297.932 297.7477 297.5681 297.3929 297.2222 297.0557 296.8933 296.735 296.5808 296.4307 296.2846 296.1425 296.0045 295.8707 295.7411 295.6158 295.495 295.3786 295.2668 295.1597 295.0575 294.9601 294.8679 294.7808 294.6989 294.6224 294.5513 294.4858 294.4258 294.3714 294.3228 294.2798 294.2425 294.211 294.1852 294.1651 294.1506 294.1416 294.1382 294.1402 294.1476 294.1601 294.1776 294.2001 294.2273 294.2591 294.2953 294.3356 294.3799 294.428 294.4796 294.5344 294.5923 294.6529 294.716 294.7813 294.8486 294.9176 294.9879 295.0593 295.1315 295.2042
299.3875 299.1726 298.9642 298.7621 298.5657 298.3748 298.1892 298.0085 297.8326 297.6611 297.4939 297.3308 297.1717 297.0165 296.8652 296.7175 296.5736 296.4335 296.297 296.1643 296.0355 295.9105 295.7894 295.6724 295.5595 295.4509 295.3466 295.2468 295.1515 295.0609 294.9752 294.8943 294.8184 294.7476 294.682 294.6216 294.5665 294.5168 294.4724 294.4335 294.3999 294.3719 294.3491 294.3318 294.3198 294.313 294.3114 294.3148 294.3233 294.3365 294.3545 294.377 294.404 294.4351 294.4703 294.5093 294.5519 294.5979 294.6471 294.6992 294.754 294.8112 294.8706 294.9319 294.9949 295.0592 295.1246 295.1908 295.2576
299.3882 299.1824 298.9831 298.7899 298.6025 298.4206 298.2437 298.0716 297.904 297.7407 297.5815 297.4262 297.2747 297.1268 296.9824 296.8415 296.704 296.5699 296.4392 296.312 296.1881 296.0679 295.9512 295.8383 295.7291 295.6237 295.5225 295.4252 295.3322 295.2436 295.1593 295.0797 295.0046 294.9344 294.8689 294.8083 294.7528 294.7022 294.6568 294.6164 294.5812 294.5511 294.5261 294.5062 294.4914 294.4815 294.4766 294.4765 294.4812 294.4905 294.5043 294.5225 294.5449 294.5714 294.6017 294.6357 294.6732 294.714 294.7579 294.8046 294.8539 294.9056 294.9594 295.015 295.0723 295.131 295.1907 295.2513 295.3124
299.3752 299.1785 298.9883 298.8043 298.6259 298.4529 298.2848 298.1213 297.9622 297.8073 297.6562 297.5088 297.3649 297.2243 297.0871 296.953 296.822 296.6941 296.5693 296.4476 296.329 296.2137 296.1016 295.9928 295.8875 295.7857 295.6875 295.5931 295.5026 295.416 295.3336 295.2553 295.1814 295.1118 295.0468 294.9863 294.9305 294.8795 294.8332 294.7917 294.755 294.7232 294.6962 294.674 294.6567 294.6441 294.6361 294.6328 294.6341 294.6397 294.6497 294.6638 294.682 294.7041 294.7299 294.7593 294.792 294.8279 294.8668 294.9084 294.9526 294.999 295.0475 295.0979 295.1499 295.2032 295.2576 295.3128 295.3687
299.3488 299.1613 298.9803 298.8053 298.636 298.472 298.3127 298.1581 298.0075 297.861 297.7181 297.5787 297.4425 297.3094 297.1794 297.0522 296.9279 296.8064 296.6876 296.5716 296.4585 296.3481 296.2408 296.1364 296.0351 295.937 295.8422 295.7508 295.6629 295.5786 295.4981 295.4215 295.3488 295.2803 295.2159 295.1558 295.1 295.0486 295.0017 294.9594 294.9215 294.8882 294.8595 294.8354 294.8158 294.8007 294.7901 294.7838 294.782 294.7842 294.7907 294.8011 294.8154 294.8334 294.855 294.8801 294.9083 294.9397 294.9738 295.0107 295.05 295.0916 295.1351 295.1805 295.2274 295.2757 295.325 295.3752 295.4261
299.3091 299.1309 298.9591 298.7933 298.6332 298.4781 298.3279 298.182 298.0402 297.9021 297.7675 297.6362 297.5079 297.3824 297.2597 297.1396 297.0221 296.907 296.7944 296.6843 296.5767 296.4716 296.3691 296.2692 296.1721 296.0779 295.9866 295.8984 295.8134 295.7316 295.6533 295.5785 295.5074 295.44 295.3765 295.3169 295.2614 295.21 295.1627 295.1197 295.081 295.0465 295.0163 294.9905 294.9689 294.9517 294.9386 294.9297 294.925 294.9242 294.9274 294.9344 294.9451 294.9594 294.9771 294.9981 295.0222 295.0492 295.079 295.1114 295.1462 295.1832 295.2221 295.2627 295.3049 295.3484 295.393 295.4385 295.4846
299.2567 299.0877 298.9251 298.7686 298.6177 298.4718 298.3305 298.1935 298.0605 297.931 297.8048 297.6816 297.5613 297.4436 297.3283 297.2154 297.1048 296.9963 296.8901 296.7859 296.684 296.5843 296.4868 296.3917 296.299 296.2087 296.1212 296.0363 295.9543 295.8753 295.7993 295.7266 295.6572 295.5912 295.5288 295.47 295.415 295.3637 295.3164 295.273 295.2336 295.1982 295.1668 295.1395 295.1163 295.097 295.0818 295.0706 295.0632 295.0597 295.0599 295.0638 295.0712 295.082 295.0961 295.1133 295.1336 295.1566 295.1824 295.2106 295.2411 295.2737 295.3083 295.3445 295.3823 295.4214 295.4615 295.5024 295.5441
299.1917 299.032 298.8788 298.7316 298.5898 298.4531 298.321 298.193 298.0688 297.948 297.8303 297.7154 297.6031 297.4932 297.3856 297.28 297.1764 297.0747 296.9749 296.8769 296.7808 296.6866 296.5943 296.504 296.4159 296.3299 296.2462 296.1649 296.0861 296.0099 295.9366 295.8661 295.7986 295.7342 295.6731 295.6153 295.561 295.5102 295.4629 295.4193 295.3795 295.3434 295.3111 295.2826 295.2579 295.237 295.2199 295.2065 295.1969 295.1909 295.1884 295.1894 295.1937 295.2013 295.2121 295.2259 295.2426 295.2619 295.2838 295.3082 295.3347 295.3633 295.3938 295.4259 295.4595 295.4944 295.5303 295.567 295.6044
299.1147 298.9643 298.8204 298.6825 298.5501 298.4226 298.2997 298.1807 298.0654 297.9534 297.8443 297.7378 297.6337 297.5318 297.4318 297.3336 297.2372 297.1424 297.0492 296.9575 296.8673 296.7788 296.6919 296.6066 296.5231 296.4415 296.3618 296.2843 296.2089 296.1358 296.0652 295.9972 295.9318 295.8693 295.8097 295.7531 295.6996 295.6494 295.6025 295.5591 295.519 295.4824 295.4494 295.42 295.3941 295.3718 295.353 295.3378 295.326 295.3177 295.3128 295.3112 295.3128 295.3175 295.3252 295.3358 295.3492 295.3651 295.3835 295.4042 295.4271 295.4519 295.4785 295.5068 295.5365 295.5674 295.5993 295.6322 295.6656
299.026 298.8849 298.7504 298.6219 298.4989 298.3807 298.267 298.1572 298.0508 297.9477 297.8472 297.7492 297.6534 297.5595 297.4674 297.3768 297.2876 297.1998 297.1133 297.028 296.944 296.8613 296.7798 296.6998 296.6211 296.544 296.4686 296.3949 296.3231 296.2533 296.1856 296.1202 296.0571 295.9966 295.9387 295.8835 295.8312 295.7818 295.7355 295.6923 295.6522 295.6154 295.5819 295.5517 295.5249 295.5014 295.4812 295.4644 295.4508 295.4406 295.4334 295.4295 295.4285 295.4306 295.4355 295.4431 295.4534 295.4662 295.4813 295.4987 295.5181 295.5394 295.5625 295.5871 295.6131 295.6404 295.6686 295.6978 295.7275
298.9262 298.7945 298.6694 298.5503 298.4366 298.3278 298.2234 298.1227 298.0255 297.9312 297.8396 297.7502 297.6627 297.577 297.4927 297.4098 297.328 297.2473 297.1677 297.089 297.0112 296.9344 296.8586 296.7838 296.7102 296.6378 296.5667 296.4971 296.429 296.3626 296.298 296.2354 296.1748 296.1165 296.0605 296.0069 295.9559 295.9075 295.862 295.8192 295.7794 295.7426 295.7088 295.6781 295.6505 295.6261 295.6047 295.5865 295.5714 295.5593 295.5503 295.5442 295.541 295.5406 295.5429 295.5479 295.5553 295.5652 295.5773 295.5916 295.6078 295.6259 295.6456 295.6668 295.6895 295.7133 295.7381 295.7637 295.79
298.8159 298.6935 298.5778 298.4681 298.3639 298.2645 298.1694 298.078 297.9899 297.9046 297.8218 297.741 297.662 297.5845 297.5083 297.4331 297.3589 297.2854 297.2127 297.1406 297.0692 296.9985 296.9284 296.8591 296.7906 296.7231 296.6565 296.5911 296.5269 296.4641 296.4027 296.343 296.2852 296.2292 296.1752 296.1234 296.0739 296.0268 295.9822 295.9402 295.9008 295.8641 295.8303 295.7993 295.7711 295.7459 295.7236 295.7043 295.6878 295.6742 295.6634 295.6554 295.6502 295.6476 295.6476 295.6501 295.655 295.6622 295.6715 295.6829 295.6961 295.7112 295.7278 295.746 295.7654 295.786 295.8076 295.83 295.8531
298.6956 298.5826 298.4763 298.3761 298.2813 298.1913 298.1055 298.0234 297.9445 297.8683 297.7943 297.7223 297.6518 297.5826 297.5145 297.4472 297.3805 297.3144 297.2487 297.1834 297.1185 297.054 296.9898 296.9261 296.8629 296.8002 296.7383 296.6772 296.6171 296.558 296.5001 296.4435 296.3885 296.335 296.2833 296.2335 296.1856 296.1399 296.0964 296.0552 296.0165 295.9802 295.9465 295.9154 295.8869 295.8612 295.8381 295.8178 295.8002 295.7852 295.773 295.7633 295.7563 295.7517 295.7496 295.7499 295.7524 295.7571 295.7639 295.7726 295.7832 295.7954 295.8092 295.8245 295.841 295.8586 295.8771 295.8965 295.9166
298.5661 298.4624 298.3655 298.2747 298.1894 298.1088 298.0324 297.9596 297.8899 297.8228 297.7578 297.6945 297.6326 297.5718 297.5118 297.4525 297.3935 297.3348 297.2762 297.2178 297.1595 297.1012 297.0431 296.985 296.9272 296.8697 296.8125 296.7559 296.6999 296.6447 296.5903 296.537 296.485 296.4342 296.3849 296.3372 296.2911 296.247 296.2048 296.1647 296.1267 296.091 296.0576 296.0266 295.998 295.9719 295.9483 295.9272 295.9087 295.8926 295.8791 295.868 295.8593 295.853 295.849 295.8473 295.8477 295.8501 295.8546 295.8609 295.8689 295.8786 295.8897 295.9023 295.916 295.9309 295.9467 295.9632 295.9804
298.4282 298.3337 298.2462 298.1648 298.0889 298.0177 297.9507 297.8872 297.8268 297.7687 297.7127 297.6582 297.605 297.5526 297.5009 297.4495 297.3982 297.347 297.2957 297.2443 297.1926 297.1407 297.0886 297.0364 296.984 296.9317 296.8795 296.8274 296.7757 296.7245 296.6739 296.624 296.575 296.527 296.4803 296.4348 296.3908 296.3484 296.3077 296.2688 296.2318 296.1968 296.1639 296.1331 296.1046 296.0783 296.0544 296.0327 296.0134 295.9964 295.9818 295.9694 295.9594 295.9515 295.9458 295.9423 295.9408 295.9412 295.9435 295.9476 295.9533 295.9606 295.9694 295.9794 295.9906 296.0029 296.0161 296.0301 296.0447
298.2825 298.1973 298.119 298.047 297.9805 297.9187 297.8611 297.8069 297.7556 297.7067 297.6597 297.6141 297.5695 297.5256 297.4821 297.4387 297.3953 297.3516 297.3076 297.2632 297.2182 297.1728 297.1269 297.0805 297.0338 296.9868 296.9395 296.8922 296.8448 296.7977 296.7509 296.7046 296.6588 296.6138 296.5697 296.5267 296.4848 296.4443 296.4052 296.3676 296.3318 296.2977 296.2654 296.2351 296.2068 296.1806 296.1564 296.1344 296.1145 296.0968 296.0812 296.0678 296.0565 296.0473 296.0402 296.035 296.0317 296.0303 296.0307 296.0328 296.0364 296.0415 296.048 296.0558 296.0647 296.0746 296.0854 296.097 296.1092
298.1301 298.054 297.9849 297.9222 297.865 297.8126 297.7643 297.7194 297.6773 297.6375 297.5994 297.5626 297.5267 297.4913 297.4561 297.4207 297.3852 297.3491 297.3124 297.275 297.2369 297.198 297.1584 297.118 297.0769 297.0352 296.993 296.9505 296.9077 296.8647 296.8219 296.7791 296.7368 296.6948 296.6536 296.613 296.5735 296.5349 296.4976 296.4616 296.427 296.3939 296.3625 296.3328 296.3048 296.2788 296.2546 296.2324 296.2121 296.1938 296.1775 296.1632 296.1509 296.1405 296.132 296.1255 296.1207 296.1176 296.1162 296.1165 296.1182 296.1214 296.1258 296.1315 296.1382 296.146 296.1546 296.1639 296.1739
297.9717 297.9046 297.8447 297.7912 297.7433 297.7001 297.661 297.6254 297.5924 297.5617 297.5326 297.5046 297.4773 297.4504 297.4234 297.3962 297.3684 297.34 297.3107 297.2804 297.2491 297.2168 297.1834 297.149 297.1136 297.0774 297.0404 297.0027 296.9645 296.9259 296.887 296.8481 296.8091 296.7704 296.732 296.6942 296.657 296.6206 296.5851 296.5508 296.5176 296.4857 296.4552 296.4262 296.3989 296.3731 296.3491 296.3268 296.3063 296.2876 296.2708 296.2558 296.2426 296.2312 296.2216 296.2137 296.2076 296.2031 296.2001 296.1987 296.1987 296.2001 296.2027 296.2064 296.2112 296.217 296.2235 296.2308 296.2387
297.8083 297.7502 297.6993 297.6548 297.6161 297.5821 297.5522 297.5257 297.5018 297.4801 297.4598 297.4406 297.422 297.4035 297.3848 297.3656 297.3457 297.3248 297.3029 297.2797 297.2553 297.2296 297.2025 297.1742 297.1446 297.1139 297.0821 297.0493 297.0158 296.9815 296.9467 296.9116 296.8762 296.8408 296.8054 296.7703 296.7356 296.7015 296.668 296.6354 296.6038 296.5732 296.5438 296.5157 296.489 296.4637 296.44 296.4178 296.3972 296.3783 296.3611 296.3455 296.3316 296.3194 296.3088 296.2999 296.2925 296.2867 296.2824 296.2795 296.278 296.2777 296.2786 296.2806 296.2836 296.2875 296.2923 296.2977 296.3037
297.6411 297.5916 297.5496 297.5141 297.4844 297.4594 297.4386 297.4211 297.4063 297.3934 297.382 297.3715 297.3614 297.3513 297.3408 297.3296 297.3175 297.3042 297.2896 297.2736 297.256 297.2369 297.2162 297.1939 297.1702 297.145 297.1184 297.0907 297.0618 297.032 297.0014 296.9701 296.9384 296.9063 296.874 296.8418 296.8097 296.7779 296.7466 296.7158 296.6858 296.6567 296.6285 296.6014 296.5755 296.5508 296.5275 296.5056 296.485 296.466 296.4485 296.4326 296.4181 296.4052 296.3939 296.384 296.3756 296.3687 296.3631 296.3589 296.356 296.3542 296.3536 296.354 296.3554 296.3577 296.3607 296.3645 296.3687
297.4709 297.43 297.3967 297.37 297.3491 297.3331 297.3212 297.3126 297.3066 297.3025 297.2998 297.2979 297.2962 297.2944 297.2921 297.2889 297.2845 297.2788 297.2715 297.2626 297.2519 297.2393 297.2249 297.2087 297.1908 297.1711 297.1499 297.1271 297.103 297.0777 297.0513 297.0239 296.9958 296.9672 296.9381 296.9088 296.8794 296.85 296.8209 296.7921 296.7639 296.7363 296.7094 296.6835 296.6585 296.6346 296.6118 296.5902 296.5699 296.5509 296.5333 296.517 296.5022 296.4887 296.4767 296.4661 296.4568 296.4489 296.4423 296.4369 296.4327 296.4297 296.4277 296.4267 296.4267 296.4274 296.429 296.4311 296.4338
297.299 297.2664 297.2416 297.2235 297.2112 297.2039 297.2007 297.2009 297.2036 297.2082 297.2141 297.2206 297.2273 297.2337 297.2394 297.244 297.2474 297.2491 297.2491 297.2472 297.2433 297.2373 297.2292 297.2191 297.2069 297.1928 297.1768 297.1591 297.1397 297.1189 297.0967 297.0734 297.049 297.0239 296.998 296.9717 296.945 296.9182 296.8914 296.8647 296.8383 296.8123 296.7868 296.7621 296.7381 296.715 296.6929 296.6718 296.6518 296.633 296.6154 296.599 296.5839 296.5701 296.5575 296.5462 296.5363 296.5275 296.5199 296.5135 296.5083 296.5041 296.5009 296.4986 296.4973 296.4967 296.4968 296.4976 296.4989
